19:01:13 [INFO] Cycle graph of size 6
19:01:13 [INFO] Step 1
[ 2.0, -1.0, -0.0, -0.0, -0.0, -1.0, ]  R0 <-> R5  [-1.0, -0.0, -0.0, -0.0, -1.0,  2.0, ]
[-0.0,  1.0, -1.0, -0.0, -0.0, -0.0, ]  -------->  [-0.0,  1.0, -1.0, -0.0, -0.0, -0.0, ]
[-0.0, -0.0,  1.0, -1.0, -0.0, -0.0, ]             [-0.0, -0.0,  1.0, -1.0, -0.0, -0.0, ]
[-0.0, -0.0, -0.0,  1.0, -1.0, -0.0, ]             [-0.0, -0.0, -0.0,  1.0, -1.0, -0.0, ]
[-0.0, -0.0, -0.0, -0.0,  0.0, -0.0, ]             [-0.0, -0.0, -0.0, -0.0,  0.0, -0.0, ]
[-1.0, -0.0, -0.0, -0.0, -1.0,  2.0, ]             [ 2.0, -1.0, -0.0, -0.0, -0.0, -1.0, ]
19:01:13 [INFO] Step 2
[-1.0, -0.0, -0.0, -0.0, -1.0,  2.0, ]  C0 <-> C4  [-1.0, -0.0, -0.0, -0.0, -1.0,  2.0, ]
[-0.0,  1.0, -1.0, -0.0, -0.0, -0.0, ]  -------->  [-0.0,  1.0, -1.0, -0.0, -0.0, -0.0, ]
[-0.0, -0.0,  1.0, -1.0, -0.0, -0.0, ]             [-0.0, -0.0,  1.0, -1.0, -0.0, -0.0, ]
[-0.0, -0.0, -0.0,  1.0, -1.0, -0.0, ]             [-1.0, -0.0, -0.0,  1.0, -0.0, -0.0, ]
[-0.0, -0.0, -0.0, -0.0,  0.0, -0.0, ]             [ 0.0, -0.0, -0.0, -0.0, -0.0, -0.0, ]
[ 2.0, -1.0, -0.0, -0.0, -0.0, -1.0, ]             [-0.0, -1.0, -0.0, -0.0,  2.0, -1.0, ]
19:01:13 [INFO] Step 3
[-1.0, -0.0, -0.0, -0.0, -1.0,  2.0, ]  R3 -> R3 + -1.0*R0  [-1.0, -0.0, -0.0, -0.0, -1.0,  2.0, ]
[-0.0,  1.0, -1.0, -0.0, -0.0, -0.0, ]  ----------------->  [-0.0,  1.0, -1.0, -0.0, -0.0, -0.0, ]
[-0.0, -0.0,  1.0, -1.0, -0.0, -0.0, ]                      [-0.0, -0.0,  1.0, -1.0, -0.0, -0.0, ]
[-1.0, -0.0, -0.0,  1.0, -0.0, -0.0, ]                      [ 0.0,  0.0,  0.0,  1.0,  1.0, -2.0, ]
[ 0.0, -0.0, -0.0, -0.0, -0.0, -0.0, ]                      [ 0.0, -0.0, -0.0, -0.0, -0.0, -0.0, ]
[-0.0, -1.0, -0.0, -0.0,  2.0, -1.0, ]                      [-0.0, -1.0, -0.0, -0.0,  2.0, -1.0, ]
19:01:13 [INFO] Step 4
[-1.0, -0.0, -0.0, -0.0, -1.0,  2.0, ]  C4 -> C4 + -1.0*C0  [-1.0, -0.0, -0.0, -0.0,  0.0,  2.0, ]
[-0.0,  1.0, -1.0, -0.0, -0.0, -0.0, ]  ----------------->  [-0.0,  1.0, -1.0, -0.0,  0.0, -0.0, ]
[-0.0, -0.0,  1.0, -1.0, -0.0, -0.0, ]                      [-0.0, -0.0,  1.0, -1.0,  0.0, -0.0, ]
[ 0.0,  0.0,  0.0,  1.0,  1.0, -2.0, ]                      [ 0.0,  0.0,  0.0,  1.0,  1.0, -2.0, ]
[ 0.0, -0.0, -0.0, -0.0, -0.0, -0.0, ]                      [ 0.0, -0.0, -0.0, -0.0, -0.0, -0.0, ]
[-0.0, -1.0, -0.0, -0.0,  2.0, -1.0, ]                      [-0.0, -1.0, -0.0, -0.0,  2.0, -1.0, ]
19:01:13 [INFO] Step 5
[-1.0, -0.0, -0.0, -0.0,  0.0,  2.0, ]  C5 -> C5 + 2.0*C0  [-1.0, -0.0, -0.0, -0.0,  0.0,  0.0, ]
[-0.0,  1.0, -1.0, -0.0,  0.0, -0.0, ]  ---------------->  [-0.0,  1.0, -1.0, -0.0,  0.0, -0.0, ]
[-0.0, -0.0,  1.0, -1.0,  0.0, -0.0, ]                     [-0.0, -0.0,  1.0, -1.0,  0.0, -0.0, ]
[ 0.0,  0.0,  0.0,  1.0,  1.0, -2.0, ]                     [ 0.0,  0.0,  0.0,  1.0,  1.0, -2.0, ]
[ 0.0, -0.0, -0.0, -0.0, -0.0, -0.0, ]                     [ 0.0, -0.0, -0.0, -0.0, -0.0,  0.0, ]
[-0.0, -1.0, -0.0, -0.0,  2.0, -1.0, ]                     [-0.0, -1.0, -0.0, -0.0,  2.0, -1.0, ]
19:01:13 [INFO] Step 6
[-1.0, -0.0, -0.0, -0.0,  0.0,  0.0, ]  R0 -> -1*R0  [ 1.0,  0.0,  0.0,  0.0, -0.0, -0.0, ]
[-0.0,  1.0, -1.0, -0.0,  0.0, -0.0, ]  ---------->  [-0.0,  1.0, -1.0, -0.0,  0.0, -0.0, ]
[-0.0, -0.0,  1.0, -1.0,  0.0, -0.0, ]               [-0.0, -0.0,  1.0, -1.0,  0.0, -0.0, ]
[ 0.0,  0.0,  0.0,  1.0,  1.0, -2.0, ]               [ 0.0,  0.0,  0.0,  1.0,  1.0, -2.0, ]
[ 0.0, -0.0, -0.0, -0.0, -0.0,  0.0, ]               [ 0.0, -0.0, -0.0, -0.0, -0.0,  0.0, ]
[-0.0, -1.0, -0.0, -0.0,  2.0, -1.0, ]               [-0.0, -1.0, -0.0, -0.0,  2.0, -1.0, ]
19:01:13 [INFO] Step 7
[ 1.0,  0.0,  0.0,  0.0, -0.0, -0.0, ]  R1 <-> R5  [ 1.0,  0.0,  0.0,  0.0, -0.0, -0.0, ]
[-0.0,  1.0, -1.0, -0.0,  0.0, -0.0, ]  -------->  [-0.0, -1.0, -0.0, -0.0,  2.0, -1.0, ]
[-0.0, -0.0,  1.0, -1.0,  0.0, -0.0, ]             [-0.0, -0.0,  1.0, -1.0,  0.0, -0.0, ]
[ 0.0,  0.0,  0.0,  1.0,  1.0, -2.0, ]             [ 0.0,  0.0,  0.0,  1.0,  1.0, -2.0, ]
[ 0.0, -0.0, -0.0, -0.0, -0.0,  0.0, ]             [ 0.0, -0.0, -0.0, -0.0, -0.0,  0.0, ]
[-0.0, -1.0, -0.0, -0.0,  2.0, -1.0, ]             [-0.0,  1.0, -1.0, -0.0,  0.0, -0.0, ]
19:01:13 [INFO] Step 8
[ 1.0,  0.0,  0.0,  0.0, -0.0, -0.0, ]  C1 <-> C5  [ 1.0, -0.0,  0.0,  0.0, -0.0,  0.0, ]
[-0.0, -1.0, -0.0, -0.0,  2.0, -1.0, ]  -------->  [-0.0, -1.0, -0.0, -0.0,  2.0, -1.0, ]
[-0.0, -0.0,  1.0, -1.0,  0.0, -0.0, ]             [-0.0, -0.0,  1.0, -1.0,  0.0, -0.0, ]
[ 0.0,  0.0,  0.0,  1.0,  1.0, -2.0, ]             [ 0.0, -2.0,  0.0,  1.0,  1.0,  0.0, ]
[ 0.0, -0.0, -0.0, -0.0, -0.0,  0.0, ]             [ 0.0,  0.0, -0.0, -0.0, -0.0, -0.0, ]
[-0.0,  1.0, -1.0, -0.0,  0.0, -0.0, ]             [-0.0, -0.0, -1.0, -0.0,  0.0,  1.0, ]
19:01:13 [INFO] Step 9
[ 1.0, -0.0,  0.0,  0.0, -0.0,  0.0, ]  R3 -> R3 + -2.0*R1  [ 1.0, -0.0,  0.0,  0.0, -0.0,  0.0, ]
[-0.0, -1.0, -0.0, -0.0,  2.0, -1.0, ]  ----------------->  [-0.0, -1.0, -0.0, -0.0,  2.0, -1.0, ]
[-0.0, -0.0,  1.0, -1.0,  0.0, -0.0, ]                      [-0.0, -0.0,  1.0, -1.0,  0.0, -0.0, ]
[ 0.0, -2.0,  0.0,  1.0,  1.0,  0.0, ]                      [ 0.0,  0.0,  0.0,  1.0, -3.0,  2.0, ]
[ 0.0,  0.0, -0.0, -0.0, -0.0, -0.0, ]                      [ 0.0,  0.0, -0.0, -0.0, -0.0, -0.0, ]
[-0.0, -0.0, -1.0, -0.0,  0.0,  1.0, ]                      [-0.0, -0.0, -1.0, -0.0,  0.0,  1.0, ]
19:01:13 [INFO] Step 10
[ 1.0, -0.0,  0.0,  0.0, -0.0,  0.0, ]  C4 -> C4 + 2.0*C1  [ 1.0, -0.0,  0.0,  0.0, -0.0,  0.0, ]
[-0.0, -1.0, -0.0, -0.0,  2.0, -1.0, ]  ---------------->  [-0.0, -1.0, -0.0, -0.0,  0.0, -1.0, ]
[-0.0, -0.0,  1.0, -1.0,  0.0, -0.0, ]                     [-0.0, -0.0,  1.0, -1.0,  0.0, -0.0, ]
[ 0.0,  0.0,  0.0,  1.0, -3.0,  2.0, ]                     [ 0.0,  0.0,  0.0,  1.0, -3.0,  2.0, ]
[ 0.0,  0.0, -0.0, -0.0, -0.0, -0.0, ]                     [ 0.0,  0.0, -0.0, -0.0,  0.0, -0.0, ]
[-0.0, -0.0, -1.0, -0.0,  0.0,  1.0, ]                     [-0.0, -0.0, -1.0, -0.0,  0.0,  1.0, ]
19:01:13 [INFO] Step 11
[ 1.0, -0.0,  0.0,  0.0, -0.0,  0.0, ]  C5 -> C5 + -1.0*C1  [ 1.0, -0.0,  0.0,  0.0, -0.0,  0.0, ]
[-0.0, -1.0, -0.0, -0.0,  0.0, -1.0, ]  ----------------->  [-0.0, -1.0, -0.0, -0.0,  0.0,  0.0, ]
[-0.0, -0.0,  1.0, -1.0,  0.0, -0.0, ]                      [-0.0, -0.0,  1.0, -1.0,  0.0,  0.0, ]
[ 0.0,  0.0,  0.0,  1.0, -3.0,  2.0, ]                      [ 0.0,  0.0,  0.0,  1.0, -3.0,  2.0, ]
[ 0.0,  0.0, -0.0, -0.0,  0.0, -0.0, ]                      [ 0.0,  0.0, -0.0, -0.0,  0.0, -0.0, ]
[-0.0, -0.0, -1.0, -0.0,  0.0,  1.0, ]                      [-0.0, -0.0, -1.0, -0.0,  0.0,  1.0, ]
19:01:13 [INFO] Step 12
[ 1.0, -0.0,  0.0,  0.0, -0.0,  0.0, ]  R1 -> -1*R1  [ 1.0, -0.0,  0.0,  0.0, -0.0,  0.0, ]
[-0.0, -1.0, -0.0, -0.0,  0.0,  0.0, ]  ---------->  [ 0.0,  1.0,  0.0,  0.0, -0.0, -0.0, ]
[-0.0, -0.0,  1.0, -1.0,  0.0,  0.0, ]               [-0.0, -0.0,  1.0, -1.0,  0.0,  0.0, ]
[ 0.0,  0.0,  0.0,  1.0, -3.0,  2.0, ]               [ 0.0,  0.0,  0.0,  1.0, -3.0,  2.0, ]
[ 0.0,  0.0, -0.0, -0.0,  0.0, -0.0, ]               [ 0.0,  0.0, -0.0, -0.0,  0.0, -0.0, ]
[-0.0, -0.0, -1.0, -0.0,  0.0,  1.0, ]               [-0.0, -0.0, -1.0, -0.0,  0.0,  1.0, ]
19:01:13 [INFO] Step 13
[ 1.0, -0.0,  0.0,  0.0, -0.0,  0.0, ]  R2 <-> R5  [ 1.0, -0.0,  0.0,  0.0, -0.0,  0.0, ]
[ 0.0,  1.0,  0.0,  0.0, -0.0, -0.0, ]  -------->  [ 0.0,  1.0,  0.0,  0.0, -0.0, -0.0, ]
[-0.0, -0.0,  1.0, -1.0,  0.0,  0.0, ]             [-0.0, -0.0, -1.0, -0.0,  0.0,  1.0, ]
[ 0.0,  0.0,  0.0,  1.0, -3.0,  2.0, ]             [ 0.0,  0.0,  0.0,  1.0, -3.0,  2.0, ]
[ 0.0,  0.0, -0.0, -0.0,  0.0, -0.0, ]             [ 0.0,  0.0, -0.0, -0.0,  0.0, -0.0, ]
[-0.0, -0.0, -1.0, -0.0,  0.0,  1.0, ]             [-0.0, -0.0,  1.0, -1.0,  0.0,  0.0, ]
19:01:13 [INFO] Step 14
[ 1.0, -0.0,  0.0,  0.0, -0.0,  0.0, ]  C2 <-> C5  [ 1.0, -0.0,  0.0,  0.0, -0.0,  0.0, ]
[ 0.0,  1.0,  0.0,  0.0, -0.0, -0.0, ]  -------->  [ 0.0,  1.0, -0.0,  0.0, -0.0,  0.0, ]
[-0.0, -0.0, -1.0, -0.0,  0.0,  1.0, ]             [-0.0, -0.0,  1.0, -0.0,  0.0, -1.0, ]
[ 0.0,  0.0,  0.0,  1.0, -3.0,  2.0, ]             [ 0.0,  0.0,  2.0,  1.0, -3.0,  0.0, ]
[ 0.0,  0.0, -0.0, -0.0,  0.0, -0.0, ]             [ 0.0,  0.0, -0.0, -0.0,  0.0, -0.0, ]
[-0.0, -0.0,  1.0, -1.0,  0.0,  0.0, ]             [-0.0, -0.0,  0.0, -1.0,  0.0,  1.0, ]
19:01:13 [INFO] Step 15
[ 1.0, -0.0,  0.0,  0.0, -0.0,  0.0, ]  R3 -> R3 + -2.0*R2  [ 1.0, -0.0,  0.0,  0.0, -0.0,  0.0, ]
[ 0.0,  1.0, -0.0,  0.0, -0.0,  0.0, ]  ----------------->  [ 0.0,  1.0, -0.0,  0.0, -0.0,  0.0, ]
[-0.0, -0.0,  1.0, -0.0,  0.0, -1.0, ]                      [-0.0, -0.0,  1.0, -0.0,  0.0, -1.0, ]
[ 0.0,  0.0,  2.0,  1.0, -3.0,  0.0, ]                      [ 0.0,  0.0,  0.0,  1.0, -3.0,  2.0, ]
[ 0.0,  0.0, -0.0, -0.0,  0.0, -0.0, ]                      [ 0.0,  0.0, -0.0, -0.0,  0.0, -0.0, ]
[-0.0, -0.0,  0.0, -1.0,  0.0,  1.0, ]                      [-0.0, -0.0,  0.0, -1.0,  0.0,  1.0, ]
19:01:13 [INFO] Step 16
[ 1.0, -0.0,  0.0,  0.0, -0.0,  0.0, ]  C5 -> C5 + 1.0*C2  [ 1.0, -0.0,  0.0,  0.0, -0.0,  0.0, ]
[ 0.0,  1.0, -0.0,  0.0, -0.0,  0.0, ]  ---------------->  [ 0.0,  1.0, -0.0,  0.0, -0.0,  0.0, ]
[-0.0, -0.0,  1.0, -0.0,  0.0, -1.0, ]                     [-0.0, -0.0,  1.0, -0.0,  0.0,  0.0, ]
[ 0.0,  0.0,  0.0,  1.0, -3.0,  2.0, ]                     [ 0.0,  0.0,  0.0,  1.0, -3.0,  2.0, ]
[ 0.0,  0.0, -0.0, -0.0,  0.0, -0.0, ]                     [ 0.0,  0.0, -0.0, -0.0,  0.0, -0.0, ]
[-0.0, -0.0,  0.0, -1.0,  0.0,  1.0, ]                     [-0.0, -0.0,  0.0, -1.0,  0.0,  1.0, ]
19:01:13 [INFO] Step 17
[ 1.0, -0.0,  0.0,  0.0, -0.0,  0.0, ]  R3 <-> R5  [ 1.0, -0.0,  0.0,  0.0, -0.0,  0.0, ]
[ 0.0,  1.0, -0.0,  0.0, -0.0,  0.0, ]  -------->  [ 0.0,  1.0, -0.0,  0.0, -0.0,  0.0, ]
[-0.0, -0.0,  1.0, -0.0,  0.0,  0.0, ]             [-0.0, -0.0,  1.0, -0.0,  0.0,  0.0, ]
[ 0.0,  0.0,  0.0,  1.0, -3.0,  2.0, ]             [-0.0, -0.0,  0.0, -1.0,  0.0,  1.0, ]
[ 0.0,  0.0, -0.0, -0.0,  0.0, -0.0, ]             [ 0.0,  0.0, -0.0, -0.0,  0.0, -0.0, ]
[-0.0, -0.0,  0.0, -1.0,  0.0,  1.0, ]             [ 0.0,  0.0,  0.0,  1.0, -3.0,  2.0, ]
19:01:13 [INFO] Step 18
[ 1.0, -0.0,  0.0,  0.0, -0.0,  0.0, ]  C3 <-> C5  [ 1.0, -0.0,  0.0,  0.0, -0.0,  0.0, ]
[ 0.0,  1.0, -0.0,  0.0, -0.0,  0.0, ]  -------->  [ 0.0,  1.0, -0.0,  0.0, -0.0,  0.0, ]
[-0.0, -0.0,  1.0, -0.0,  0.0,  0.0, ]             [-0.0, -0.0,  1.0,  0.0,  0.0, -0.0, ]
[-0.0, -0.0,  0.0, -1.0,  0.0,  1.0, ]             [-0.0, -0.0,  0.0,  1.0,  0.0, -1.0, ]
[ 0.0,  0.0, -0.0, -0.0,  0.0, -0.0, ]             [ 0.0,  0.0, -0.0, -0.0,  0.0, -0.0, ]
[ 0.0,  0.0,  0.0,  1.0, -3.0,  2.0, ]             [ 0.0,  0.0,  0.0,  2.0, -3.0,  1.0, ]
19:01:13 [INFO] Step 19
[ 1.0, -0.0,  0.0,  0.0, -0.0,  0.0, ]  R5 -> R5 + -2.0*R3  [ 1.0, -0.0,  0.0,  0.0, -0.0,  0.0, ]
[ 0.0,  1.0, -0.0,  0.0, -0.0,  0.0, ]  ----------------->  [ 0.0,  1.0, -0.0,  0.0, -0.0,  0.0, ]
[-0.0, -0.0,  1.0,  0.0,  0.0, -0.0, ]                      [-0.0, -0.0,  1.0,  0.0,  0.0, -0.0, ]
[-0.0, -0.0,  0.0,  1.0,  0.0, -1.0, ]                      [-0.0, -0.0,  0.0,  1.0,  0.0, -1.0, ]
[ 0.0,  0.0, -0.0, -0.0,  0.0, -0.0, ]                      [ 0.0,  0.0, -0.0, -0.0,  0.0, -0.0, ]
[ 0.0,  0.0,  0.0,  2.0, -3.0,  1.0, ]                      [ 0.0,  0.0,  0.0,  0.0, -3.0,  3.0, ]
19:01:13 [INFO] Step 20
[ 1.0, -0.0,  0.0,  0.0, -0.0,  0.0, ]  C5 -> C5 + 1.0*C3  [ 1.0, -0.0,  0.0,  0.0, -0.0,  0.0, ]
[ 0.0,  1.0, -0.0,  0.0, -0.0,  0.0, ]  ---------------->  [ 0.0,  1.0, -0.0,  0.0, -0.0,  0.0, ]
[-0.0, -0.0,  1.0,  0.0,  0.0, -0.0, ]                     [-0.0, -0.0,  1.0,  0.0,  0.0,  0.0, ]
[-0.0, -0.0,  0.0,  1.0,  0.0, -1.0, ]                     [-0.0, -0.0,  0.0,  1.0,  0.0,  0.0, ]
[ 0.0,  0.0, -0.0, -0.0,  0.0, -0.0, ]                     [ 0.0,  0.0, -0.0, -0.0,  0.0, -0.0, ]
[ 0.0,  0.0,  0.0,  0.0, -3.0,  3.0, ]                     [ 0.0,  0.0,  0.0,  0.0, -3.0,  3.0, ]
19:01:13 [INFO] Step 21
[ 1.0, -0.0,  0.0,  0.0, -0.0,  0.0, ]  R4 <-> R5  [ 1.0, -0.0,  0.0,  0.0, -0.0,  0.0, ]
[ 0.0,  1.0, -0.0,  0.0, -0.0,  0.0, ]  -------->  [ 0.0,  1.0, -0.0,  0.0, -0.0,  0.0, ]
[-0.0, -0.0,  1.0,  0.0,  0.0,  0.0, ]             [-0.0, -0.0,  1.0,  0.0,  0.0,  0.0, ]
[-0.0, -0.0,  0.0,  1.0,  0.0,  0.0, ]             [-0.0, -0.0,  0.0,  1.0,  0.0,  0.0, ]
[ 0.0,  0.0, -0.0, -0.0,  0.0, -0.0, ]             [ 0.0,  0.0,  0.0,  0.0, -3.0,  3.0, ]
[ 0.0,  0.0,  0.0,  0.0, -3.0,  3.0, ]             [ 0.0,  0.0, -0.0, -0.0,  0.0, -0.0, ]
19:01:13 [INFO] Step 22
[ 1.0, -0.0,  0.0,  0.0, -0.0,  0.0, ]  C4 <-> C5  [ 1.0, -0.0,  0.0,  0.0,  0.0, -0.0, ]
[ 0.0,  1.0, -0.0,  0.0, -0.0,  0.0, ]  -------->  [ 0.0,  1.0, -0.0,  0.0,  0.0, -0.0, ]
[-0.0, -0.0,  1.0,  0.0,  0.0,  0.0, ]             [-0.0, -0.0,  1.0,  0.0,  0.0,  0.0, ]
[-0.0, -0.0,  0.0,  1.0,  0.0,  0.0, ]             [-0.0, -0.0,  0.0,  1.0,  0.0,  0.0, ]
[ 0.0,  0.0,  0.0,  0.0, -3.0,  3.0, ]             [ 0.0,  0.0,  0.0,  0.0,  3.0, -3.0, ]
[ 0.0,  0.0, -0.0, -0.0,  0.0, -0.0, ]             [ 0.0,  0.0, -0.0, -0.0, -0.0,  0.0, ]
19:01:13 [INFO] Step 23
[ 1.0, -0.0,  0.0,  0.0,  0.0, -0.0, ]  C5 -> C5 + 1.0*C4  [ 1.0, -0.0,  0.0,  0.0,  0.0,  0.0, ]
[ 0.0,  1.0, -0.0,  0.0,  0.0, -0.0, ]  ---------------->  [ 0.0,  1.0, -0.0,  0.0,  0.0,  0.0, ]
[-0.0, -0.0,  1.0,  0.0,  0.0,  0.0, ]                     [-0.0, -0.0,  1.0,  0.0,  0.0,  0.0, ]
[-0.0, -0.0,  0.0,  1.0,  0.0,  0.0, ]                     [-0.0, -0.0,  0.0,  1.0,  0.0,  0.0, ]
[ 0.0,  0.0,  0.0,  0.0,  3.0, -3.0, ]                     [ 0.0,  0.0,  0.0,  0.0,  3.0,  0.0, ]
[ 0.0,  0.0, -0.0, -0.0, -0.0,  0.0, ]                     [ 0.0,  0.0, -0.0, -0.0, -0.0,  0.0, ]
19:01:13 [INFO] Cycle graph of size 6 Pic: ℤ_3 x ℤ
